min: 4.6375939321365007e-07
max: 17.475741346011404
total: 80640474
media: 8.737870904885398
promedio: 0.06057726664871308
